sp,measurement,N,GRW,URW,Stasis,V7
aquilaTMT,LENGTH,260,0.034,0.14,0.827,3
aquilaTMT,PROX.W,260,0.032,0.172,0.796,3
aquilaTMT,MID.W,260,0.076,0.309,0.615,3
aquilaTMT,MID.D,260,0.126,0.254,0.62,3
aquilaTMT,DIST.W,260,0.045,0.183,0.772,3
bisonAstragali,Length,92,0.024,0.637,0.339,2
bisonAstragali,Width,92,0.023,0.633,0.345,2
bisonAstragali,Depth,92,0.02,0.57,0.409,2
bisonCalcanea,Tuber,65,0,1,0,2
bisonHumeri,DistW,40,0.002,0.987,0.011,2
bisonMetacarpal,Max.Length,114,0.008,0.055,0.937,3
bisonMetacarpal,Condyle.Width,114,0.021,0.144,0.835,3
bisonMetacarpal,Facet.Width,112,0.017,0.108,0.875,3
bisonMetacarpal,Min.Depth,114,0.01,0.061,0.93,3
bisonMetatarsal,Max.Length,91,0.046,0.549,0.405,2
bisonMetatarsal,Condyle.Width,91,0.041,0.492,0.468,2
bisonMetatarsal,Facet.Width,91,0.037,0.434,0.529,3
bisonMetatarsal,Min.Depth,91,0.039,0.467,0.494,3
bisonPatellae,Length,68,0.003,0.987,0.01,2
bisonPatellae,Width,68,0.003,0.988,0.009,2
bisonPatellae,Depth,68,0.003,0.988,0.009,2
camelopsAstragalus,length,64,0.029,0.8,0.171,2
camelopsAstragalus,width,64,0.028,0.794,0.178,2
camelopsAstragalus,depth,64,0.028,0.79,0.181,2
camelopsCalcaneus,length,34,0.003,0.985,0.012,2
camelopsCalcaneus,width,42,0.034,0.796,0.171,2
camelopsCalcaneus,depth,42,0.034,0.727,0.239,2
camelopsCalcaneus,length2,39,0.026,0.741,0.233,2
camelopsCuboid,length,33,0.003,0.988,0.009,2
camelopsCuboid,width,33,0.003,0.982,0.015,2
camelopsCuboid,depth,33,0.002,0.981,0.016,2
camelopsPatellae,LENGTH,26,0,1,0,2
camelopsPatellae,WIDTH,26,0,1,0,2
camelopsPatellae,DEPTH,26,0,1,0,2
canisAstragali,Max.length..prx.dst.,304,0.028,0.574,0.398,2
canisAstragali,Prx.width,304,0.023,0.522,0.455,2
canisAstragali,Dst.width,304,0.024,0.342,0.634,3
canisAstragali,Depth,304,0.015,0.407,0.579,3
canisFemora,LENGTH,228,0.003,0.946,0.051,2
canisFemora,DST.W,228,0.003,0.93,0.068,2
canisFemora,DST.D,228,0.002,0.969,0.028,2
canisFemora,MED.W,228,0.003,0.981,0.016,2
canisFemora,MED.D,228,0.002,0.976,0.021,2
canisFemora,PRX.W,228,0.003,0.966,0.031,2
canisFemora,PRX.D,228,0.002,0.975,0.023,2
canisHumeri,DST.PRX.L,247,0.006,0.958,0.036,2
canisHumeri,DST.W,247,0.003,0.986,0.011,2
canisHumeri,DST.D,247,0.003,0.981,0.016,2
canisHumeri,MED.W,247,0.002,0.987,0.011,2
canisHumeri,MED.D,247,0.003,0.985,0.012,2
canisHumeri,PRX.W,247,0.003,0.985,0.013,2
canisHumeri,PRX.D,247,0.002,0.982,0.015,2
caracara,LENGTH,151,0.034,0.21,0.756,3
caracara,PROX.W,149,0.014,0.088,0.898,3
caracara,PROX.D,150,0.013,0.081,0.907,3
caracara,PROX.A,149,0.013,0.081,0.906,3
caracara,MID.W,150,0.004,0.029,0.967,3
caracara,MID.D,150,0.01,0.059,0.931,3
caracara,MID.A,150,NA,NA,NA,NA
caracara,DIST.W,148,0.018,0.109,0.873,3
caracara,DIST.D,150,0.019,0.122,0.859,3
caracara,DIST.A,148,0.018,0.109,0.874,3
equusAstragali,Length,97,0.004,0.969,0.027,2
equusAstragali,Width,97,0.002,0.943,0.054,2
equusAstragali,Depth,97,NA,NA,NA,NA
equusBackLimbs,Max.Length,88,0.002,0.98,0.018,2
equusBackLimbs,Prox.w,88,0.003,0.981,0.016,2
equusBackLimbs,Prox.d,88,0.002,0.98,0.017,2
equusBackLimbs,Mids.W,88,0.003,0.987,0.011,2
equusBackLimbs,Mids.d,88,0.002,0.98,0.018,2
equusBackLimbs,Dist.W,88,0.004,0.97,0.027,2
equusBackLimbs,Dist.d,88,0.003,0.977,0.02,2
equusFrontLimbs,Max.Length,73,0.003,0.984,0.014,2
equusFrontLimbs,Prox.w,73,0.003,0.984,0.014,2
equusFrontLimbs,Prox.d,73,0.002,0.984,0.014,2
equusFrontLimbs,Mids.W,73,0.002,0.982,0.015,2
equusFrontLimbs,Mids.d,73,0.003,0.979,0.018,2
equusFrontLimbs,Dist.W,73,0.003,0.977,0.02,2
equusFrontLimbs,Dist.d,73,0.002,0.983,0.015,2
equusPatellae,Length,107,0.015,0.125,0.859,3
equusPatellae,Width,107,0.023,0.165,0.812,3
equusPatellae,Depth,107,0.013,0.087,0.901,3
felisAstragali,L1,58,0,1,0,2
felisAstragali,L2,58,0,1,0,2
felisAstragali,L3,58,0,1,0,2
felisAstragali,L4,58,0,1,0,2
felisAstragali,L5,58,0,1,0,2
felisAstragali,L6,58,0,1,0,2
felisPatellae,Length,64,0.002,0.984,0.012,2
felisPatellae,Width,64,0.003,0.986,0.012,2
felisPatellae,Depth,64,0.003,0.985,0.012,2
gymnogypsCMC,Total.length,104,0.015,0.412,0.573,3
gymnogypsCMC,Proximal.width,104,0.028,0.703,0.27,2
gymnogypsCMC,Proximal.depth,104,0.023,0.636,0.341,2
gymnogypsCMC,Midshaft.width,104,0.014,0.404,0.581,3
gymnogypsCMC,Midshaft.depth,104,0.02,0.547,0.432,2
gymnogypsCMC,Distal.width,104,0.029,0.773,0.198,2
gymnogypsCMC,Distal.depth,104,0.041,0.922,0.038,2
gymnogypsFemora,Total.length,71,0.025,0.428,0.547,3
gymnogypsFemora,Proximal.width,71,0.027,0.573,0.401,2
gymnogypsFemora,Proximal.depth,71,0.025,0.664,0.311,2
gymnogypsFemora,Midshaft.width,71,0.024,0.661,0.315,2
gymnogypsFemora,Midshaft.depth,71,0.028,0.747,0.225,2
gymnogypsFemora,Distal.width,71,0.032,0.464,0.505,3
gymnogypsFemora,Distal.depth,71,0.025,0.682,0.293,2
gymnogypsHumeri,Total.length,38,0.321,0,0.679,3
gymnogypsHumeri,Proximal.width,38,0.317,0,0.683,3
gymnogypsHumeri,Proximal.depth,38,0.285,0,0.715,3
gymnogypsHumeri,Midshaft.width,38,0.273,0,0.727,3
gymnogypsHumeri,Midshaft.depth,38,0.292,0,0.708,3
gymnogypsHumeri,Distal.width,38,0.285,0,0.715,3
gymnogypsHumeri,Distal.depth,38,0.292,0,0.708,3
gymnogypsTibiotarsi,Total.length,63,0.002,0.976,0.022,2
gymnogypsTibiotarsi,Proximal.width,63,0.002,0.98,0.017,2
gymnogypsTibiotarsi,Proximal.depth,63,0.003,0.983,0.015,2
gymnogypsTibiotarsi,Midshaft.width,63,0.003,0.975,0.023,2
gymnogypsTibiotarsi,Midshaft.depth,63,0.002,0.981,0.017,2
gymnogypsTibiotarsi,Distal.width,63,0.002,0.991,0.007,2
gymnogypsTibiotarsi,Distal.depth,63,0.002,0.979,0.019,2
gymnogypsTMT,Total.length,228,0.021,0.204,0.775,3
gymnogypsTMT,Proximal.width,228,0.027,0.304,0.669,3
gymnogypsTMT,Proximal.depth,228,0.043,0.497,0.461,2
gymnogypsTMT,Midshaft.width,228,0.036,0.392,0.572,3
gymnogypsTMT,Midshaft.depth,228,0.023,0.247,0.729,3
gymnogypsTMT,Distal.width,228,0.019,0.204,0.777,3
gymnogypsTMT,Distal.depth,228,0.036,0.404,0.56,3
haliaeetusTMT,MaxLength,156,0.05,0.57,0.38,2
haliaeetusTMT,MidW,156,0.046,0.544,0.41,2
haliaeetusTMT,MidD,156,0.081,0.823,0.097,2
harlaniAstragalus,LENGTH,82,0.047,0.553,0.4,2
harlaniAstragalus,WIDTH,82,0.045,0.543,0.412,2
harlaniPatella,DV.LENGTH,50,0.03,0.734,0.236,2
harlaniPatella,TRANS.W,50,0.027,0.763,0.21,2
harlaniPatella,DEPTH,50,0.029,0.722,0.248,2
smilodonAstragali,L1,342,0.033,0.395,0.572,3
smilodonAstragali,L2,342,0.034,0.414,0.552,3
smilodonAstragali,L3,342,0.027,0.311,0.662,3
smilodonAstragali,L4,342,0.03,0.356,0.614,3
smilodonAstragali,L5,342,0.034,0.406,0.56,3
smilodonAstragali,L6,342,0.033,0.402,0.564,3
smilodonFemora,Prox.W,261,0.033,0.915,0.052,2
smilodonFemora,Prox.APL,261,0.033,0.922,0.045,2
smilodonFemora,Midshaft.W,261,0.033,0.897,0.07,2
smilodonFemora,Midshaft.APL,261,0.038,0.935,0.026,2
smilodonFemora,Distal.W,261,0.034,0.943,0.022,2
smilodonFemora,Distal.APL,261,0.032,0.894,0.074,2
smilodonFemora,Max.Length,261,0.033,0.914,0.053,2
smilodonHumeri,Prox.W,284,0.021,0.568,0.411,2
smilodonHumeri,Prox.APL,284,0.027,0.726,0.247,2
smilodonHumeri,Midshaft.W,284,0.021,0.578,0.401,2
smilodonHumeri,Midshaft.APL,284,0.033,0.889,0.078,2
smilodonHumeri,Distal.W,284,0.031,0.764,0.205,2
smilodonHumeri,Distal.APL,284,0.027,0.739,0.234,2
smilodonHumeri,Max.Length,284,0.03,0.775,0.195,2
smilodonMC3,LENGTH,275,0.019,0.402,0.579,3
smilodonMC3,MIDSHW,275,0.008,0.224,0.768,3
smilodonMC3,MIDSHD,275,0.009,0.24,0.751,3
smilodonMC3,DISTW,275,0.008,0.22,0.773,3
smilodonMT3,LENGTH,283,0.03,0.349,0.621,3
smilodonMT3,MIDSHW,283,0.032,0.39,0.578,3
smilodonMT3,MIDSHD,283,0.032,0.368,0.601,3
smilodonMT3,DISTW,283,0.026,0.289,0.685,3
